OPERATOR_ID=0.0.6149857
OPERATOR_KEY=3030020100300706052b8104000a04220420d0423cf748cca1774582529055b202db65e0578f954dcea7d8cccc12b6b5006a
DONOR_ID=0.0.6150015
DONOR_KEY=302e020100300506032b6570042204202ae2041134a44746116b6d32f5880256bcb1836a99f0742c377b321561012ea3
BAKERY_ID=0.0.6149857
BAKERY_KEY=3030020100300706052b8104000a04220420d0423cf748cca1774582529055b202db65e0578f954dcea7d8cccc12b6b5006a
